4885 15637
45166 64110
52545 10049
26276 41124
13141 36181
9231 11791
45156 35428
559 52271
24769 47809
45632 23616
41297 35665
5484 16236
50634 65482
36921 19001
34114 20290
51478 54038
39080 8872
65032 26632
59754 4970
16292 18852
20057 14425
43490 17378
10491 25339
64117 38005
39064 62104
33077 39733
2216 21160
31605 62837
27200 54336
31610 9594
32566 51510
2808 1272
64024 50200
50586 44954
20029 47165
29584 40336
3772 6332
41778 40242
4959 11615
32576 55616
19472 38416
23840 38688
63538 25138
42848 45408
64009 29705
51116 4524
47270 45734
51548 50012
12580 60196
50561 32641
20966 7142
6605 61756
64059 25659
25833 44777
53999 19695
18059 12427
60777 14185
49659 39931
40082 63122
47263 41631
2288 62192
35788 62924
51083 16779
41741 15629
42817 12609
51576 21368
17587 3763
18071 4247
50599 16295
30159 53199
42392 49048
48659 51219
24644 10820
14689 17249
28347 35003
25192 27752
63740 17148
11285 58901
35103 25375
31230 33790
61552 55920
46742 8342
42918 8614
45784 52440
55469 29357
28333 14509
8400 27344
26122 28682
12764 48092
13305 11769
5054 32190
60354 62914
62476 36364
29967 24335
16435 14899
33667 48515
61532 23132
1754 20698
25655 65079
59897 58361
42880 8576
46794 24778
53161 14761
33232 43984
31630 58766
7456 22304
31619 13699
33245 52189
33243 31707
60871 30663
37582 15566
30543 61775
2657 5217
10247 57863
27845 30405
53851 7259
48226 5730
12706 27554
32249 14329
37594 44250
21793 57121
28945 35601
61384 2504
35660 5452
61449 64009
64185 5305
23524 38372
34706 12690
37615 3311
3603 38931
56044 29932
47105 33281
53330 6738
38579 45235
20813 6989
33740 11724
1691 61595
60977 26673
4608 3072
36604 63740
20324 18788
34409 4201
23067 37915
41026 27202
15548 59068
6803 13459
2978 58786
19247 58671
49302 31382
18407 4583
1354 65354
16779 15243
30820 62052
4154 35386
46379 7979
41584 23664
56699 42875
11675 14235
40919 27095
59060 4276
41043 59987
37633 40193
20302 6478
33293 15373
55565 13069
58050 52418
38225 36689
61913 64473
37138 19218
36087 22263
62871 16279
25559 11735
30814 12894
58057 64713
29432 36088
20311 14679
6820 9380
57595 39675
61902 19406
18752 17216
35575 54519
61873 19377
51831 46199
20260 43300
3477 14229
40850 35218
60529 58993
33355 27723
22177 61601
9596 65404
36025 50873
34306 49154
24125 51261
19749 59173
10657 50081
9587 12147
14486 53910
3013 9669
65396 63860
7844 14500
20248 18712
34321 32785
52270 63022
22603 12875
24994 39842
37735 56679
44258 55010
10564 25412
24278 55510
2851 58659
58383 60943
30208 28672
65411 10627
17188 44324
29754 15930
21628 7804
47479 37751
62333 48509
55685 4997
61086 26782
8698 39930
49195 59947
44572 2076
14429 41565
14971 9339
43600 58448
8682 52202
428 52140
18249 24905
50770 8274
60586 34474
19345 42385
14412 57932
22658 21122
60634 14042
13541 36581
28655 27119
38803 53651
58445 7757
40724 30996
9131 11691
38318 4014
24846 6926
63348 20852
44631 22615
58958 36942
25370 23834
51454 45822
14069 53493
43529 41993
40219 59163
33497 15577
40217 50969
15427 34371
1928 4488
